%YAML:1.0
camera_matrix: !!opencv-matrix
   rows: 3
   cols: 3
   dt: d
   data: [ 1.2123589843733862e+003, 0., 5.6229019375347559e+002, 0.,
       1.2073379586395536e+003, 7.9079864860612781e+002, 0., 0., 1. ]
distortion_coefficients: !!opencv-matrix
   rows: 12
   cols: 1
   dt: d
   data: [ -1.4293927472749221e-001, 1.9316517555000814e-002,
       8.8824175156675133e-004, -3.3534017562586024e-003,
       -2.1171251383586780e+000, 0., 0., -2.3405391984504904e+000, 0.,
       0., 0., 0. ]
