%YAML:1.0
homographyR: !!opencv-matrix
   rows: 3
   cols: 3
   dt: d
   data: [ 1.0136268154268584e+000, 3.8348563808089202e-002,
       9.3065549784206189e+002, 1.9328154629057660e-002,
       9.9271439937915418e-001, 3.1465130138575153e+000,
       8.3214773204879687e-006, -2.1848378985458241e-006, 1. ]
homographyL: !!opencv-matrix
   rows: 3
   cols: 3
   dt: d
   data: [ 9.8044201666976649e-001, 4.4073047850334487e-002,
       1.0212104274176461e+003, -9.9471887324640434e-003,
       9.8229163007759357e-001, 1.4741833986544798e+001,
       -4.7069049252043464e-006, -1.9547946616013578e-007, 1. ]
