%YAML:1.0
homography: !!opencv-matrix
   rows: 3
   cols: 3
   dt: d
   data: [ 9.8158935462232400e-001, 3.0113048053698598e-002,
       9.5045786549426259e+002, -2.6666639899305469e-002,
       9.8330501703650652e-001, 8.6097896168828427e+000,
       -1.4126785577616719e-005, -4.2298194937320211e-006, 1. ]
